1
Zia
25
2000
3 2 2 1 1 3 1 2 2 2 1 2 1 1 3 2 1 2 3 2 2 2 3 2 3 1 3 3 2 1

1
Prome
36
2500
1 3 3 1 2 2 3 2 1 2 2 1 3 2 1 2 1 2 2 2 3 3 2 3 3 2 3 3 1 2

1
Tutul
33
2520
2 3 3 2 2 2 1 2 2 3 1 3 3 1 1 3 3 1 1 2 2 2 2 2 1 1 2 3 2 2

1
Maisha
78
1850
3 2 1 1 2 1 1 2 1 3 1 3 2 1 2 1 1 1 3 3 1 3 2 2 3 3 3 3 2 2

1
Joy
11
1650
3 1 2 3 3 3 2 2 1 2 3 2 2 2 3 2 1 2 1 2 3 2 1 1 3 3 3 3 1 2

1
Tanha
58
4000
3 1 2 1 3 2 1 3 2 1 1 1 2 3 3 2 3 1 2 3 1 3 3 3 2 1 1 1 1 3

1
Shahin
69
1150
1 1 2 2 3 1 3 2 3 1 3 1 3 2 2 3 1 1 1 3 3 3 1 3 3 1 1 1 3 1

1
Borsha
34
2650
3 3 3 2 3 3 2 2 3 2 2 3 2 1 1 2 2 1 1 3 2 3 3 3 2 3 3 1 1 1

1
Arif
78
5500
1 2 2 2 3 3 1 1 2 2 3 1 1 3 2 3 2 1 2 3 2 2 1 1 2 1 1 2 3 1

1
Antara
37
2895
3 2 3 2 2 1 1 1 3 3 2 2 2 3 3 2 2 1 2 3 3 3 1 2 2 1 2 2 1 3
